-0.70710678118654757274
-0.70710678118654757274
-0.70710678118654757274
-0.70710678118654757274
-0.70710678118654757274
-0.70710678118654757274
-0.70710678118654757274
-0.70710678118654757274
-0.70710678118654757274
-0.70710678118654757274
-0.70710678118654757274
-0.70710678118654757274
-0.70710678118654757274
-0.70710678118654757274
-0.70710678118654757274
-0.70710678118654757274
-0.70710678118654757274
-0.70710678118654757274
-0.70710678118654757274
-0.70710678118654757274
-0.70710678118654757274
-0.70710678118654757274
-0.70710678118654757274
-0.70710678118654757274
-0.70710678118654757274
-0.70710678118654757274
-0.70710678118654757274
-0.70710678118654757274
-0.70710678118654757274
-0.70710678118654757274
-0.70710678118654757274
-0.70710678118654757274
-0.70710678118654757274
-0.70710678118654757274
-0.70710678118654757274
-0.70710678118654757274
-0.70710678118654757274
-0.70710678118654757274
-0.70710678118654757274
-0.70710678118654757274
-0.70710678118654757274
-0.70710678118654757274
-0.70710678118654757274
-0.70710678118654757274
-0.70710678118654757274
-0.70710678118654757274
-0.70710678118654757274
-0.70710678118654757274
-0.70710678118654757274
-0.70710678118654757274
-0.70710678118654757274
-0.70710678118654757274
-0.70710678118654757274
-0.70710678118654757274
-0.70710678118654757274
-0.70710678118654757274
-0.70710678118654757274
-0.70710678118654757274
-0.70710678118654757274
-0.70710678118654757274
-0.70710678118654757274
-0.70710678118654757274
-0.70710678118654757274
-0.70710678118654757274
-0.70710678118654757274
-0.70710678118654757274
-0.70710678118654757274
-0.70710678118654757274
-0.70710678118654757274
-0.70710678118654757274
-0.70710678118654757274
-0.70710678118654757274
-0.70710678118654757274
-0.70710678118654757274
-0.70710678118654757274
-0.70710678118654757274
-0.70710678118654757274
-0.70710678118654757274
-0.70710678118654757274
-0.70710678118654757274
-0.70710678118654757274
-0.70710678118654757274
-0.70710678118654757274
-0.70710678118654757274
-0.70710678118654757274
-0.70710678118654757274
-0.70710678118654757274
-0.70710678118654757274
-0.70710678118654757274
-0.70710678118654757274
-0.70710678118654757274
-0.70710678118654757274
-0.70710678118654757274
-0.70710678118654757274
-0.70710678118654757274
-0.70710678118654757274
-0.70710678118654757274
-0.70710678118654757274
-0.70710678118654757274
-0.70710678118654757274
-0.70710678118654757274
-0.70710678118654757274
-0.70710678118654757274
-0.70710678118654757274
-0.70710678118654757274
-0.70710678118654757274
-0.70710678118654757274
-0.70710678118654757274
-0.70710678118654757274
-0.70710678118654757274
-0.70710678118654757274
-0.70710678118654757274
-0.70710678118654757274
-0.70710678118654757274
-0.70710678118654757274
-0.70710678118654757274
-0.70710678118654757274
-0.70710678118654757274
-0.70710678118654757274
-0.70710678118654757274
-0.70710678118654757274
-0.70710678118654757274
-0.70710678118654757274
-0.70710678118654757274
-0.70710678118654757274
-0.70710678118654757274
-0.70710678118654757274
-0.70710678118654757274
-0.70710678118654757274
-0.70710678118654746172
-0.70710678118654746172
-0.70710678118654746172
-0.70710678118654746172
-0.70710678118654746172
-0.70710678118654746172
-0.70710678118654746172
-0.70710678118654746172
-0.70710678118654746172
-0.70710678118654746172
-0.70710678118654746172
-0.70710678118654746172
-0.70710678118654746172
-0.70710678118654746172
-0.70710678118654746172
-0.70710678118654746172
-0.70710678118654735069
-0.70710678118654735069
-0.70710678118654735069
-0.70710678118654735069
-0.70710678118654723967
-0.70710678118654723967
-0.70710678118654712865
-0.70710678118654712865
-0.70710678118654712865
-0.70710678118654712865
-0.70710678118654701763
-0.70710678118654690660
-0.70710678118654690660
-0.70710678118654690660
-0.70710678118654679558
-0.70710678118654668456
-0.70710678118654657354
-0.70710678118654646251
-0.70710678118654635149
-0.70710678118654624047
-0.70710678118654612945
-0.70710678118654590740
-0.70710678118654579638
-0.70710678118654557434
-0.70710678118654535229
-0.70710678118654513025
-0.70710678118654490820
-0.70710678118654457514
-0.70710678118654424207
-0.70710678118654390900
-0.70710678118654357593
-0.70710678118654313185
-0.70710678118654268776
-0.70710678118654213264
-0.70710678118654157753
-0.70710678118654102242
-0.70710678118654024527
-0.70710678118653946811
-0.70710678118653869095
-0.70710678118653780277
-0.70710678118653669255
-0.70710678118653558233
-0.70710678118653425006
-0.70710678118653291779
-0.70710678118653136348
-0.70710678118652969815
-0.70710678118652781077
-0.70710678118652570134
-0.70710678118652336988
-0.70710678118652092738
-0.70710678118651804080
-0.70710678118651493218
-0.70710678118651149049
-0.70710678118650771573
-0.70710678118650349688
-0.70710678118649894497
-0.70710678118649383794
-0.70710678118648817581
-0.70710678118648184753
-0.70710678118647496415
-0.70710678118646730361
-0.70710678118645886592
-0.70710678118644954004
-0.70710678118643921497
-0.70710678118642789070
-0.70710678118641523415
-0.70710678118640135636
-0.70710678118638592426
-0.70710678118636893785
-0.70710678118635017508
-0.70710678118632941391
-0.70710678118630643230
-0.70710678118628100819
-0.70710678118625303057
-0.70710678118622205535
-0.70710678118618786048
-0.70710678118615000187
-0.70710678118610814646
-0.70710678118606207221
-0.70710678118601089093
-0.70710678118595449160
-0.70710678118589209706
-0.70710678118582315221
-0.70710678118574699091
-0.70710678118566272499
-0.70710678118556968830
-0.70710678118546688165
-0.70710678118535319481
-0.70710678118522762858
-0.70710678118508885071
-0.70710678118493541788
-0.70710678118476588683
-0.70710678118457848118
-0.70710678118437131356
-0.70710678118414238558
-0.70710678118388947677
-0.70710678118360992261
-0.70710678118330105857
-0.70710678118295955397
-0.70710678118258218916
-0.70710678118216518939
-0.70710678118170433581
-0.70710678118119485447
-0.70710678118063197140
-0.70710678118000980241
-0.70710678117932224129
-0.70710678117856229363
-0.70710678117772252094
-0.70710678117679437449
-0.70710678117576863944
-0.70710678117463499071
-0.70710678117338210402
-0.70710678117199754489
-0.70710678117046732449
-0.70710678116877612176
-0.70710678116690706130
-0.70710678116484149136
-0.70710678116255865078
-0.70710678116003566895
-0.70710678115724734383
-0.70710678115416580880
-0.70710678115076019967
-0.70710678114699643260
-0.70710678114283687101
-0.70710678113823965951
-0.70710678113315905691
-0.70710678112754421498
-0.70710678112133873441
-0.70710678111448077576
-0.70710678110690128317
-0.70710678109852487250
-0.70710678108926749985
-0.70710678107903646161
-0.70710678106772928420
-0.70710678105523316894
-0.70710678104142266065
-0.70710678102615975860
-0.70710678100929158507
-0.70710678099064949720
-0.70710678097004664444
-0.70710678094727708043
-0.70710678092211276535
-0.70710678089430190063
-0.70710678086356615335
-0.70710678082959799173
-0.70710678079205724345
-0.70710678075056832004
-0.70710678070471599810
-0.70710678065404131143
-0.70710678059803711015
-0.70710678053614284266
-0.70710678046773933758
-0.70710678039214158730
-0.70710678030859319687
-0.70710678021625783529
-0.70710678011421157496
-0.70710678000143312172
-0.70710677987679348977
-0.70710677973904545457
-0.70710677958681023014
-0.70710677941856447948
-0.70710677923262399425
-0.70710677902712815168
-0.70710677880002004159
-0.70710677854902670436
-0.70710677827163614939
-0.70710677796507226400
-0.70710677762626672482
-0.70710677725182879971
-0.70710677683801081983
-0.70710677638067109818
-0.70710677587523262932
-0.70710677531663690409
-0.70710677469929295036
-0.70710677401702248801
-0.70710677326299697931
-0.70710677242966979428
-0.70710677150870093755
-0.70710677049087289348
-0.70710676936599903275
-0.70710676812282113879
-0.70710676674889705318
-0.70710676523047599762
-0.70710676355236135038
-0.70710676169775787958
-0.70710675964810398852
-0.70710675738288619741
-0.70710675487943319695
-0.70710675211268991802
-0.70710674905496573306
-0.70710674567565789950
-0.70710674194094513823
-0.70710673781344912658
-0.70710673325186068627
-0.70710672821052589221
-0.70710672263898932677
-0.70710671648148915036
-0.70710670967639910334
-0.70710670215561155505
-0.70710669384385593794
-0.70710668465794546123
-0.70710667450594455463
-0.70710666328624860455
-0.70710665088656698973
-0.70710663718279986867
-0.70710662203779506285
-0.70710660529997682033
-0.70710658680182725266
-0.70710656635821078630
-0.70710654376452120040
-0.70710651879463337632
-0.70710649119864055212
-0.70710646070035310107
-0.70710642699453418736
-0.70710638974384520949
-0.70710634857546950105
-0.70710630307738064904
-0.70710625279421934763
-0.70710619722273604371
-0.70710613580675396594
-0.70710606793160268868
-0.70710599291796716326
-0.70710591001508793507
-0.70710581839324815334
-0.70710571713546910289
-0.70710560522833332264
-0.70710548155184205221
-0.70710534486820575406
-0.70710519380945657808
-0.70710502686375764636
-0.70710484236027215665
-0.70710463845244175829
-0.70710441309950600175
-0.70710416404607867591
-0.70710388879957586372
-0.70710358460527011903
-0.70710324841872229662
-0.70710287687531248046
-0.70710246625656825170
-0.70710201245295112304
-0.70710151092272988116
-0.70710095664652850012
-0.70710034407709554394
-0.70709966708379023981
-0.70709891889123166475
-0.70709809201149564917
-0.70709717816918338240
-0.70709616821861021041
-0.70709505205228595504
-0.70709381849977426260
-0.70709245521591579386
-0.70709094855729992535
-0.70708928344574861757
-0.70708744321744820827
-0.70708540945621911611
-0.70708316180925923078
-0.70708067778351613164
-0.70707793252065642697
-0.70707489854838012633
-0.70707154550559780937
-0.70706783983872423249
-0.70706374446605491091
-0.70705921840687513402
-0.70705421637159793224
-0.70704868830884159969
-0.70704257890492605565
-0.70703582703079859151
-0.70702836513087141679
-0.70702011854768354038
-0.70701100477565559377
-0.70700093263651009323
-0.70698980136814948416
-0.70697749961793032725
-0.70696390433032829659
-0.70694887951794571634
-0.70693227490366539190
-0.70691392442048750500
-0.70689364455419045896
-0.70687123251241801292
-0.70684646420209773510
-0.70681909199523085263
-0.70678884226103644295
-0.70675541264017160970
-0.70671846903425961095
-0.70667764228122098569
-0.70663252448390068139
-0.70658266495617760850
-0.70652756574712460846
-0.70646667669981266791
-0.70639938999700524480
-0.70632503414122416174
-0.70624286731146612706
-0.70615207003316760037
-0.70605173709181978658
-0.70594086861389382381
-0.70581836023141653058
-0.70568299223858821367
-0.70553341764025578886
-0.70536814898278310526
-0.70518554384790632650
-0.70498378887948709437
-0.70476088220169774701
-0.70451461407508575441
-0.70424254562421717552
-0.70394198545723818405
-0.70360996398381481232
-0.70324320522364591746
-0.70283809588327839091
-0.70239065146452683841
-0.70189647915375574794
-0.70135073722803054075
-0.70074809070224308716
-0.70008266293145593462
-0.69934798287575206110
-0.69853692773190456666
-0.69764166063853128019
-0.69665356317067628211
-0.69556316235797277514
-0.69436005199003669741
-0.69303280801639410846
-0.69156889790942777108
-0.68995458394151532033
-0.68817482043638789069
-0.68621314519509912788
-0.68405156547499657016
-0.68167043912259994709
-0.67904835173593269815
-0.67616199106687324694
-0.67298602027819209859
-0.66949295215199100539
-0.66565302691478800412
-0.66143409700709843158
-0.65680152288771154190
-0.65171808482751270031
-0.64614391661251413534
-0.64003646813180592456
-0.63335050495536593385
-0.62603815417894570494
-0.61804900698307840834
-0.60933028945647071950
-0.59982711418415823879
-0.58948282578635669005
-0.57823945387646724647
-0.56603828662093902402
-0.55282057704080322935
-0.53852839218934422938
-0.52310561216380424554
-0.50649908136840560147
-0.48865990839117678934
-0.46954490321506725525
-0.44911813129819466717
-0.42735255353196771599
-0.40423170962143850637
-0.37975139065978508190
-0.35392123545594184053
-0.32676617560386117534
-0.29832764759107666119
-0.26866448771870676815
-0.23785342842912332584
-0.20598912371365207807
-0.17318364702918379039
-0.13956542737473875970
-0.10527761689758700914
-0.07047591487248476561
-0.03532590571631291643
-0.00000000000722532998
0.03532590570179230949
0.07047591485774661046
0.10527761688248366001
0.13956542735911900421
0.17318364701288890828
0.20598912369652364052
0.23785342841098749966
0.26866448769938222618
0.29832764757036966952
0.32676617558156251242
0.35392123543183245937
0.37975139063362151060
0.40423170959295906535
0.42735255350088735549
0.44911813126420074838
0.46954490317782249242
0.48865990835030681527
0.50649908132350174306
0.52310561211441675145
0.53852839213497794013
0.55282057698091613407
0.56603828655493049204
0.57823945380367680613
0.58948282570605570196
0.59982711409554245741
0.60933028935865463094
0.61804900687508235180
0.62603815405968854524
0.63335050482365440327
0.64003646798632141124
0.64614391645180113688
0.65171808464996239252
0.65680152269154723488
0.66143409679035658488
0.66565302667529935299
0.66949295188735902240
0.67298601998576812466
0.67616199074373040112
0.67904835137883701179
0.68167043872797716819
0.68405156503889774644
0.68621314471315930650
0.68817481990378381873
0.68995458335291637297
0.69156889725894288290
0.69303280729751326472
0.69436005119556498677
0.69556316147995911336
0.69665356220033280987
0.69764165956614665465
0.69853692654674615081
0.69934798156595801011
0.70008266148391784522
0.70074808910247321503
0.70135073546001780453
0.70189647719980552409
0.70239064930508332552
0.70283809349672898836
0.70324320258610528711
0.70360996106888540336
0.70394198223574666606
0.70424254206392167266
0.70451461014035365871
0.70476087785314900369
0.70498378407359973963
0.70518553853658150210
0.70536814311286355483
0.70553341115299306185
0.70568298506905591250
0.70581835230785927582
0.70594085985701016117
0.70605172741396782232
0.70615205933748814715
0.70624285549091325720
0.70632502107749361997
0.70639937555935106150
0.70646666074373776212
0.70652754811293538850
0.70658264546738525080
0.70663250294545476571
0.70667761847755727889
0.70671844272714345880
0.70675538356631217862
0.70678881012945282691
0.70681905648433973610
0.70684642495649385729
0.70687118913931856756
0.70689359661950246227
0.70691387144446493629
0.70693221635610636877
0.70694881481288662783
0.70696383282017905003
0.70697742058699364343
0.70698971402545729426
0.70700083610790753763
0.70701089809505213157
0.70702000064738401708
0.70702823483089061174
0.70703568302705044335
0.70704241975617321270
0.70704851242227062524
0.70705402198687750115
0.70705900357853812555
0.70706350704402820551
0.70706757744680981403
0.70707125551769056671
0.70707457806218543261
0.70707757832864293057
0.70708028634081365738
0.70708272919818093705
0.70708493134705208139
0.70708691482511987214
0.70708869948193697752
0.70709030317750620753
0.70709174196097079879
0.70709303023119374210
0.70709418088082631737
0.70709520542531079101
0.70709611411810491255
0.70709691605328128805
0.70709761925652592218
0.70709823076544842113
0.70709875670000454928
0.70709920232373846272
0.70709957209645446508
0.70709986971884541962
0.70710009816952679174
0.70710025973484369466
0.70710035603175058760
0.70710038802399266533
0.70710035603175058760
0.70710025973484369466
0.70710009816952679174
0.70709986971884541962
0.70709957209645446508
0.70709920232373846272
0.70709875670000454928
0.70709823076544842113
0.70709761925652592218
0.70709691605328128805
0.70709611411810491255
0.70709520542531079101
0.70709418088082631737
0.70709303023119374210
0.70709174196097079879
0.70709030317750620753
0.70708869948193697752
0.70708691482511987214
0.70708493134705208139
0.70708272919818093705
0.70708028634081365738
0.70707757832864293057
0.70707457806218543261
0.70707125551769056671
0.70706757744680981403
0.70706350704402820551
0.70705900357853812555
0.70705402198687750115
0.70704851242227062524
0.70704241975617321270
0.70703568302705044335
0.70702823483089061174
0.70702000064738401708
0.70701089809505213157
0.70700083610790753763
0.70698971402545729426
0.70697742058699364343
0.70696383282017905003
0.70694881481288662783
0.70693221635610636877
0.70691387144446493629
0.70689359661950246227
0.70687118913931856756
0.70684642495649385729
0.70681905648433973610
0.70678881012945282691
0.70675538356631217862
0.70671844272714345880
0.70667761847755727889
0.70663250294545476571
0.70658264546738525080
0.70652754811293538850
0.70646666074373776212
0.70639937555935106150
0.70632502107749361997
0.70624285549091325720
0.70615205933748814715
0.70605172741396782232
0.70594085985701016117
0.70581835230785927582
0.70568298506905591250
0.70553341115299306185
0.70536814311286355483
0.70518553853658150210
0.70498378407359973963
0.70476087785314900369
0.70451461014035365871
0.70424254206392167266
0.70394198223574666606
0.70360996106888540336
0.70324320258610528711
0.70283809349672887734
0.70239064930508332552
0.70189647719980552409
0.70135073546001780453
0.70074808910247310401
0.70008266148391773420
0.69934798156595801011
0.69853692654674615081
0.69764165956614665465
0.69665356220033269885
0.69556316147995889132
0.69436005119556498677
0.69303280729751326472
0.69156889725894288290
0.68995458335291603991
0.68817481990378348566
0.68621314471315930650
0.68405156503889752440
0.68167043872797716819
0.67904835137883667873
0.67616199074373017908
0.67298601998576812466
0.66949295188735868933
0.66565302667529935299
0.66143409679035591875
0.65680152269154690181
0.65171808464996239252
0.64614391645180069279
0.64003646798632141124
0.63335050482365340407
0.62603815405968799013
0.61804900687508235180
0.60933028935865396480
0.59982711409554245741
0.58948282570605425867
0.57823945380367602898
0.56603828655493049204
0.55282057698091513487
0.53852839213497794013
0.52310561211441453100
0.50649908132350052181
0.48865990835030681527
0.46954490317782121567
0.44911813126420074838
0.42735255350088419135
0.40423170959295745552
0.37975139063362151060
0.35392123543183057199
0.32676617558156251242
0.29832764757036556169
0.26866448769938000574
0.23785342841098749966
0.20598912369652128129
0.17318364701288890828
0.13956542735911411923
0.10527761688248114813
0.07047591485774158671
0.03532590570178979761
-0.00000000000722532998
-0.03532590571631794019
-0.07047591487248727748
-0.10527761689759186636
-0.13956542737474109117
-0.17318364702918379039
-0.20598912371365679652
-0.23785342842912551853
-0.26866448771871115353
-0.29832764759107871511
-0.32676617560386117534
-0.35392123545594561529
-0.37975139065978674724
-0.40423170962144194807
-0.42735255353196938133
-0.44911813129819466717
-0.46954490321507008632
-0.48865990839117801059
-0.50649908136840793293
-0.52310561216380546679
-0.53852839218934422938
-0.55282057704080522775
-0.56603828662093991220
-0.57823945387646902283
-0.58948282578635735618
-0.59982711418415823879
-0.60933028945647205177
-0.61804900698307896345
-0.62603815417894670414
-0.63335050495536648896
-0.64003646813180592456
-0.64614391661251502352
-0.65171808482751303337
-0.65680152288771220803
-0.66143409700709876464
-0.66565302691478800412
-0.66949295215199156051
-0.67298602027819232063
-0.67616199106687358000
-0.67904835173593280917
-0.68167043912259994709
-0.68405156547499690323
-0.68621314519509923890
-0.68817482043638822375
-0.68995458394151543136
-0.69156889790942777108
-0.69303280801639433051
-0.69436005199003680843
-0.69556316235797299719
-0.69665356317067639313
-0.69764166063853128019
-0.69853692773190467769
-0.69934798287575206110
-0.70008266293145604564
-0.70074809070224308716
-0.70135073722803054075
-0.70189647915375585896
-0.70239065146452694943
-0.70283809588327850193
-0.70324320522364602848
-0.70360996398381481232
-0.70394198545723829508
-0.70424254562421717552
-0.70451461407508575441
-0.70476088220169774701
-0.70498378887948709437
-0.70518554384790632650
-0.70536814898278310526
-0.70553341764025578886
-0.70568299223858821367
-0.70581836023141653058
-0.70594086861389393484
-0.70605173709181978658
-0.70615207003316760037
-0.70624286731146612706
-0.70632503414122416174
-0.70639938999700524480
-0.70646667669981266791
-0.70652756574712460846
-0.70658266495617760850
-0.70663252448390068139
-0.70667764228122098569
-0.70671846903425961095
-0.70675541264017160970
-0.70678884226103644295
-0.70681909199523085263
-0.70684646420209773510
-0.70687123251241801292
-0.70689364455419045896
-0.70691392442048750500
-0.70693227490366539190
-0.70694887951794571634
-0.70696390433032829659
-0.70697749961793032725
-0.70698980136814948416
-0.70700093263651009323
-0.70701100477565559377
-0.70702011854768354038
-0.70702836513087141679
-0.70703582703079859151
-0.70704257890492605565
-0.70704868830884159969
-0.70705421637159793224
-0.70705921840687513402
-0.70706374446605491091
-0.70706783983872423249
-0.70707154550559780937
-0.70707489854838012633
-0.70707793252065642697
-0.70708067778351613164
-0.70708316180925923078
-0.70708540945621911611
-0.70708744321744820827
-0.70708928344574861757
-0.70709094855729992535
-0.70709245521591579386
-0.70709381849977426260
-0.70709505205228595504
-0.70709616821861021041
-0.70709717816918338240
-0.70709809201149564917
-0.70709891889123166475
-0.70709966708379023981
-0.70710034407709554394
-0.70710095664652850012
-0.70710151092272988116
-0.70710201245295112304
-0.70710246625656825170
-0.70710287687531248046
-0.70710324841872229662
-0.70710358460527011903
-0.70710388879957586372
-0.70710416404607867591
-0.70710441309950600175
-0.70710463845244175829
-0.70710484236027215665
-0.70710502686375764636
-0.70710519380945657808
-0.70710534486820575406
-0.70710548155184205221
-0.70710560522833332264
-0.70710571713546910289
-0.70710581839324815334
-0.70710591001508793507
-0.70710599291796716326
-0.70710606793160268868
-0.70710613580675396594
-0.70710619722273604371
-0.70710625279421934763
-0.70710630307738064904
-0.70710634857546950105
-0.70710638974384520949
-0.70710642699453418736
-0.70710646070035310107
-0.70710649119864055212
-0.70710651879463337632
-0.70710654376452120040
-0.70710656635821078630
-0.70710658680182725266
-0.70710660529997682033
-0.70710662203779506285
-0.70710663718279986867
-0.70710665088656698973
-0.70710666328624860455
-0.70710667450594455463
-0.70710668465794546123
-0.70710669384385593794
-0.70710670215561155505
-0.70710670967639910334
-0.70710671648148915036
-0.70710672263898932677
-0.70710672821052589221
-0.70710673325186068627
-0.70710673781344912658
-0.70710674194094513823
-0.70710674567565789950
-0.70710674905496573306
-0.70710675211268991802
-0.70710675487943319695
-0.70710675738288619741
-0.70710675964810398852
-0.70710676169775787958
-0.70710676355236135038
-0.70710676523047599762
-0.70710676674889705318
-0.70710676812282113879
-0.70710676936599903275
-0.70710677049087289348
-0.70710677150870093755
-0.70710677242966979428
-0.70710677326299697931
-0.70710677401702248801
-0.70710677469929295036
-0.70710677531663690409
-0.70710677587523262932
-0.70710677638067109818
-0.70710677683801081983
-0.70710677725182879971
-0.70710677762626672482
-0.70710677796507226400
-0.70710677827163614939
-0.70710677854902670436
-0.70710677880002004159
-0.70710677902712815168
-0.70710677923262399425
-0.70710677941856447948
-0.70710677958681023014
-0.70710677973904545457
-0.70710677987679348977
-0.70710678000143312172
-0.70710678011421157496
-0.70710678021625783529
-0.70710678030859319687
-0.70710678039214158730
-0.70710678046773933758
-0.70710678053614284266
-0.70710678059803711015
-0.70710678065404131143
-0.70710678070471599810
-0.70710678075056832004
-0.70710678079205724345
-0.70710678082959799173
-0.70710678086356615335
-0.70710678089430190063
-0.70710678092211276535
-0.70710678094727708043
-0.70710678097004664444
-0.70710678099064949720
-0.70710678100929158507
-0.70710678102615975860
-0.70710678104142266065
-0.70710678105523316894
-0.70710678106772928420
-0.70710678107903646161
-0.70710678108926749985
-0.70710678109852487250
-0.70710678110690128317
-0.70710678111448077576
-0.70710678112133873441
-0.70710678112754421498
-0.70710678113315905691
-0.70710678113823965951
-0.70710678114283687101
-0.70710678114699643260
-0.70710678115076019967
-0.70710678115416580880
-0.70710678115724734383
-0.70710678116003566895
-0.70710678116255865078
-0.70710678116484149136
-0.70710678116690706130
-0.70710678116877612176
-0.70710678117046732449
-0.70710678117199754489
-0.70710678117338210402
-0.70710678117463499071
-0.70710678117576863944
-0.70710678117679437449
-0.70710678117772252094
-0.70710678117856229363
-0.70710678117932224129
-0.70710678118000980241
-0.70710678118063197140
-0.70710678118119485447
-0.70710678118170433581
-0.70710678118216518939
-0.70710678118258218916
-0.70710678118295955397
-0.70710678118330105857
-0.70710678118360992261
-0.70710678118388947677
-0.70710678118414238558
-0.70710678118437131356
-0.70710678118457848118
-0.70710678118476588683
-0.70710678118493541788
-0.70710678118508885071
-0.70710678118522762858
-0.70710678118535319481
-0.70710678118546688165
-0.70710678118556968830
-0.70710678118566272499
-0.70710678118574699091
-0.70710678118582315221
-0.70710678118589209706
-0.70710678118595449160
-0.70710678118601089093
-0.70710678118606207221
-0.70710678118610814646
-0.70710678118615000187
-0.70710678118618786048
-0.70710678118622205535
-0.70710678118625303057
-0.70710678118628100819
-0.70710678118630643230
-0.70710678118632941391
-0.70710678118635017508
-0.70710678118636893785
-0.70710678118638592426
-0.70710678118640135636
-0.70710678118641523415
-0.70710678118642789070
-0.70710678118643921497
-0.70710678118644954004
-0.70710678118645886592
-0.70710678118646730361
-0.70710678118647496415
-0.70710678118648184753
-0.70710678118648817581
-0.70710678118649383794
-0.70710678118649894497
-0.70710678118650349688
-0.70710678118650771573
-0.70710678118651149049
-0.70710678118651493218
-0.70710678118651804080
-0.70710678118652092738
-0.70710678118652336988
-0.70710678118652570134
-0.70710678118652781077
-0.70710678118652969815
-0.70710678118653136348
-0.70710678118653291779
-0.70710678118653425006
-0.70710678118653558233
-0.70710678118653669255
-0.70710678118653780277
-0.70710678118653869095
-0.70710678118653946811
-0.70710678118654024527
-0.70710678118654102242
-0.70710678118654157753
-0.70710678118654213264
-0.70710678118654268776
-0.70710678118654313185
-0.70710678118654357593
-0.70710678118654390900
-0.70710678118654424207
-0.70710678118654457514
-0.70710678118654490820
-0.70710678118654513025
-0.70710678118654535229
-0.70710678118654557434
-0.70710678118654579638
-0.70710678118654590740
-0.70710678118654612945
-0.70710678118654624047
-0.70710678118654635149
-0.70710678118654646251
-0.70710678118654657354
-0.70710678118654668456
-0.70710678118654679558
-0.70710678118654690660
-0.70710678118654690660
-0.70710678118654690660
-0.70710678118654701763
-0.70710678118654712865
-0.70710678118654712865
-0.70710678118654712865
-0.70710678118654712865
-0.70710678118654723967
-0.70710678118654723967
-0.70710678118654735069
-0.70710678118654735069
-0.70710678118654735069
-0.70710678118654735069
-0.70710678118654746172
-0.70710678118654746172
-0.70710678118654746172
-0.70710678118654746172
-0.70710678118654746172
-0.70710678118654746172
-0.70710678118654746172
-0.70710678118654746172
-0.70710678118654746172
-0.70710678118654746172
-0.70710678118654746172
-0.70710678118654746172
-0.70710678118654746172
-0.70710678118654746172
-0.70710678118654746172
-0.70710678118654746172
-0.70710678118654757274
-0.70710678118654757274
-0.70710678118654757274
-0.70710678118654757274
-0.70710678118654757274
-0.70710678118654757274
-0.70710678118654757274
-0.70710678118654757274
-0.70710678118654757274
-0.70710678118654757274
-0.70710678118654757274
-0.70710678118654757274
-0.70710678118654757274
-0.70710678118654757274
-0.70710678118654757274
-0.70710678118654757274
-0.70710678118654757274
-0.70710678118654757274
-0.70710678118654757274
-0.70710678118654757274
-0.70710678118654757274
-0.70710678118654757274
-0.70710678118654757274
-0.70710678118654757274
-0.70710678118654757274
-0.70710678118654757274
-0.70710678118654757274
-0.70710678118654757274
-0.70710678118654757274
-0.70710678118654757274
-0.70710678118654757274
-0.70710678118654757274
-0.70710678118654757274
-0.70710678118654757274
-0.70710678118654757274
-0.70710678118654757274
-0.70710678118654757274
-0.70710678118654757274
-0.70710678118654757274
-0.70710678118654757274
-0.70710678118654757274
-0.70710678118654757274
-0.70710678118654757274
-0.70710678118654757274
-0.70710678118654757274
-0.70710678118654757274
-0.70710678118654757274
-0.70710678118654757274
-0.70710678118654757274
-0.70710678118654757274
-0.70710678118654757274
-0.70710678118654757274
-0.70710678118654757274
-0.70710678118654757274
-0.70710678118654757274
-0.70710678118654757274
-0.70710678118654757274
-0.70710678118654757274
-0.70710678118654757274
-0.70710678118654757274
-0.70710678118654757274
-0.70710678118654757274
-0.70710678118654757274
-0.70710678118654757274
-0.70710678118654757274
-0.70710678118654757274
-0.70710678118654757274
-0.70710678118654757274
-0.70710678118654757274
-0.70710678118654757274
-0.70710678118654757274
-0.70710678118654757274
-0.70710678118654757274
-0.70710678118654757274
-0.70710678118654757274
-0.70710678118654757274
-0.70710678118654757274
-0.70710678118654757274
-0.70710678118654757274
-0.70710678118654757274
-0.70710678118654757274
-0.70710678118654757274
-0.70710678118654757274
-0.70710678118654757274
-0.70710678118654757274
-0.70710678118654757274
-0.70710678118654757274
-0.70710678118654757274
-0.70710678118654757274
-0.70710678118654757274
-0.70710678118654757274
-0.70710678118654757274
-0.70710678118654757274
-0.70710678118654757274
-0.70710678118654757274
-0.70710678118654757274
-0.70710678118654757274
-0.70710678118654757274
-0.70710678118654757274
-0.70710678118654757274
-0.70710678118654757274
-0.70710678118654757274
-0.70710678118654757274
-0.70710678118654757274
-0.70710678118654757274
-0.70710678118654757274
-0.70710678118654757274
-0.70710678118654757274
-0.70710678118654757274
-0.70710678118654757274
-0.70710678118654757274
-0.70710678118654757274
-0.70710678118654757274
-0.70710678118654757274
-0.70710678118654757274
-0.70710678118654757274
-0.70710678118654757274
-0.70710678118654757274
-0.70710678118654757274
-0.70710678118654757274
-0.70710678118654757274
-0.70710678118654757274
-0.70710678118654757274
-0.70710678118654757274
-0.70710678118654757274
-0.70710678118654757274
-0.70710678118654757274
-0.70710678118654757274
