1280 127000.0000000000 0.1000000000 0.1000000000 1729071322 1.000000 15.000000 0.500000
0.0000000000 -1.17991627855672898129
0.1000000000 -1.17991627855673053560
0.2000000000 -1.17991627855672920333
0.3000000000 -1.17991627855673053560
0.4000000000 -1.17991627855672964742
0.5000000000 -1.17991627855672986946
0.6000000000 -1.17991627855672920333
0.7000000000 -1.17991627855673075764
0.8000000000 -1.17991627855672964742
0.9000000000 -1.17991627855672964742
1.0000000000 -1.17991627855673053560
1.1000000000 -1.17991627855672964742
1.2000000000 -1.17991627855672898129
1.3000000000 -1.17991627855673053560
1.4000000000 -1.17991627855672898129
1.5000000000 -1.17991627855673097969
1.6000000000 -1.17991627855672875924
1.7000000000 -1.17991627855673053560
1.8000000000 -1.17991627855672920333
1.9000000000 -1.17991627855673009151
2.0000000000 -1.17991627855672920333
2.1000000000 -1.17991627855673053560
2.2000000000 -1.17991627855672942538
2.3000000000 -1.17991627855672964742
2.4000000000 -1.17991627855673009151
2.5000000000 -1.17991627855672898129
2.6000000000 -1.17991627855672964742
2.7000000000 -1.17991627855672942538
2.8000000000 -1.17991627855673097969
2.9000000000 -1.17991627855672875924
3.0000000000 -1.17991627855673053560
3.1000000000 -1.17991627855672898129
3.2000000000 -1.17991627855672964742
3.3000000000 -1.17991627855672986946
3.4000000000 -1.17991627855672986946
3.5000000000 -1.17991627855672964742
3.6000000000 -1.17991627855672964742
3.7000000000 -1.17991627855672964742
3.8000000000 -1.17991627855672964742
3.9000000000 -1.17991627855672942538
4.0000000000 -1.17991627855672964742
4.1000000000 -1.17991627855673031355
4.2000000000 -1.17991627855672898129
4.3000000000 -1.17991627855672986946
4.4000000000 -1.17991627855672986946
4.5000000000 -1.17991627855673009151
4.6000000000 -1.17991627855672875924
4.7000000000 -1.17991627855673009151
4.8000000000 -1.17991627855673031355
4.9000000000 -1.17991627855672875924
5.0000000000 -1.17991627855672986946
5.1000000000 -1.17991627855673053560
5.2000000000 -1.17991627855672875924
5.3000000000 -1.17991627855672986946
5.4000000000 -1.17991627855672898129
5.5000000000 -1.17991627855673075764
5.6000000000 -1.17991627855672831515
5.7000000000 -1.17991627855673120173
5.8000000000 -1.17991627855672942538
5.9000000000 -1.17991627855672920333
6.0000000000 -1.17991627855672964742
6.1000000000 -1.17991627855672986946
6.2000000000 -1.17991627855672964742
6.3000000000 -1.17991627855672986946
6.4000000000 -1.17991627855673031355
6.5000000000 -1.17991627855672920333
6.6000000000 -1.17991627855672986946
6.7000000000 -1.17991627855673009151
6.8000000000 -1.17991627855672964742
6.9000000000 -1.17991627855672942538
7.0000000000 -1.17991627855673053560
7.1000000000 -1.17991627855672942538
7.2000000000 -1.17991627855672964742
7.3000000000 -1.17991627855672964742
7.4000000000 -1.17991627855672964742
7.5000000000 -1.17991627855673075764
7.6000000000 -1.17991627855672831515
7.7000000000 -1.17991627855673053560
7.8000000000 -1.17991627855672942538
7.9000000000 -1.17991627855673009151
8.0000000000 -1.17991627855672875924
8.1000000000 -1.17991627855673075764
8.2000000000 -1.17991627855672964742
8.3000000000 -1.17991627855672964742
8.4000000000 -1.17991627855672986946
8.5000000000 -1.17991627855673031355
8.6000000000 -1.17991627855672853720
8.7000000000 -1.17991627855673075764
8.8000000000 -1.17991627855672964742
8.9000000000 -1.17991627855672942538
9.0000000000 -1.17991627855673075764
9.1000000000 -1.17991627855672920333
9.2000000000 -1.17991627855672898129
9.3000000000 -1.17991627855673120173
9.4000000000 -1.17991627855672920333
9.5000000000 -1.17991627855673053560
9.6000000000 -1.17991627855672875924
9.7000000000 -1.17991627855673053560
9.8000000000 -1.17991627855672964742
9.9000000000 -1.17991627855673009151
10.0000000000 -1.17991627855672920333
10.1000000000 -1.17991627855672986946
10.2000000000 -1.17991627855672942538
10.3000000000 -1.17991627855673053560
10.4000000000 -1.17991627855672942538
10.5000000000 -1.17991627855672986946
10.6000000000 -1.17991627855672920333
10.7000000000 -1.17991627855672964742
10.8000000000 -1.17991627855673053560
10.9000000000 -1.17991627855672942538
11.0000000000 -1.17991627855673009151
11.1000000000 -1.17991627855672920333
11.2000000000 -1.17991627855672964742
11.3000000000 -1.17991627855673009151
11.4000000000 -1.17991627855672920333
11.5000000000 -1.17991627855673053560
11.6000000000 -1.17991627855672875924
11.7000000000 -1.17991627855672986946
11.8000000000 -1.17991627855673009151
11.9000000000 -1.17991627855672964742
12.0000000000 -1.17991627855672942538
12.1000000000 -1.17991627855673031355
12.2000000000 -1.17991627855672875924
12.3000000000 -1.17991627855673053560
12.4000000000 -1.17991627855672964742
12.5000000000 -1.17991627855672986946
12.6000000000 -1.17991627855672898129
12.7000000000 -1.17991627855672986946
12.8000000000 -1.17991627855673031355
12.9000000000 -1.17991627855672942538
13.0000000000 -1.17991627855672964742
13.1000000000 -1.17991627855672986946
13.2000000000 -1.17991627855672898129
13.3000000000 -1.17991627855673053560
13.4000000000 -1.17991627855672942538
13.5000000000 -1.17991627855673009151
13.6000000000 -1.17991627855672920333
13.7000000000 -1.17991627855673053560
13.8000000000 -1.17991627855672964742
13.9000000000 -1.17991627855672964742
14.0000000000 -1.17991627855673009151
14.1000000000 -1.17991627855672942538
14.2000000000 -1.17991627855673053560
14.3000000000 -1.17991627855672920333
14.4000000000 -1.17991627855673053560
14.5000000000 -1.17991627855672964742
14.6000000000 -1.17991627855672964742
14.7000000000 -1.17991627855672986946
14.8000000000 -1.17991627855673097969
14.9000000000 -1.17991627855672875924
15.0000000000 -1.17991627855673031355
15.1000000000 -1.17991627855672942538
15.2000000000 -1.17991627855672964742
15.3000000000 -1.17991627855672986946
15.4000000000 -1.17991627855672853720
15.5000000000 -1.17991627855673142378
15.6000000000 -1.17991627855672898129
15.7000000000 -1.17991627855672986946
15.8000000000 -1.17991627855672986946
15.9000000000 -1.17991627855672942538
16.0000000000 -1.17991627855672942538
16.1000000000 -1.17991627855673009151
16.2000000000 -1.17991627855672964742
16.3000000000 -1.17991627855672964742
16.4000000000 -1.17991627855673009151
16.5000000000 -1.17991627855673009151
16.6000000000 -1.17991627855672875924
16.7000000000 -1.17991627855673031355
16.8000000000 -1.17991627855672964742
16.9000000000 -1.17991627855672964742
17.0000000000 -1.17991627855672964742
17.1000000000 -1.17991627855673009151
17.2000000000 -1.17991627855672898129
17.3000000000 -1.17991627855673031355
17.4000000000 -1.17991627855672964742
17.5000000000 -1.17991627855673053560
17.6000000000 -1.17991627855672853720
17.7000000000 -1.17991627855673097969
17.8000000000 -1.17991627855672875924
17.9000000000 -1.17991627855673053560
18.0000000000 -1.17991627855672875924
18.1000000000 -1.17991627855673053560
18.2000000000 -1.17991627855672964742
18.3000000000 -1.17991627855672964742
18.4000000000 -1.17991627855673053560
18.5000000000 -1.17991627855672920333
18.6000000000 -1.17991627855672942538
18.7000000000 -1.17991627855672964742
18.8000000000 -1.17991627855673053560
18.9000000000 -1.17991627855672875924
19.0000000000 -1.17991627855673097969
19.1000000000 -1.17991627855672875924
19.2000000000 -1.17991627855672986946
19.3000000000 -1.17991627855672964742
19.4000000000 -1.17991627855673031355
19.5000000000 -1.17991627855672964742
19.6000000000 -1.17991627855672898129
19.7000000000 -1.17991627855672986946
19.8000000000 -1.17991627855673009151
19.9000000000 -1.17991627855672920333
20.0000000000 -1.17991627855673009151
20.1000000000 -1.17991627855672986946
20.2000000000 -1.17991627855672875924
20.3000000000 -1.17991627855673053560
20.4000000000 -1.17991627855672942538
20.5000000000 -1.17991627855673009151
20.6000000000 -1.17991627855672898129
20.7000000000 -1.17991627855672964742
20.8000000000 -1.17991627855673053560
20.9000000000 -1.17991627855672875924
21.0000000000 -1.17991627855673009151
21.1000000000 -1.17991627855673009151
21.2000000000 -1.17991627855672942538
21.3000000000 -1.17991627855673053560
21.4000000000 -1.17991627855672898129
21.5000000000 -1.17991627855673031355
21.6000000000 -1.17991627855672875924
21.7000000000 -1.17991627855673075764
21.8000000000 -1.17991627855673031355
21.9000000000 -1.17991627855672920333
22.0000000000 -1.17991627855672920333
22.1000000000 -1.17991627855673009151
22.2000000000 -1.17991627855672964742
22.3000000000 -1.17991627855673031355
22.4000000000 -1.17991627855672986946
22.5000000000 -1.17991627855672920333
22.6000000000 -1.17991627855672964742
22.7000000000 -1.17991627855672964742
22.8000000000 -1.17991627855673009151
22.9000000000 -1.17991627855672898129
23.0000000000 -1.17991627855673075764
23.1000000000 -1.17991627855672942538
23.2000000000 -1.17991627855672942538
23.3000000000 -1.17991627855672964742
23.4000000000 -1.17991627855672942538
23.5000000000 -1.17991627855673097969
23.6000000000 -1.17991627855672853720
23.7000000000 -1.17991627855673009151
23.8000000000 -1.17991627855672920333
23.9000000000 -1.17991627855673031355
24.0000000000 -1.17991627855672853720
24.1000000000 -1.17991627855673075764
24.2000000000 -1.17991627855672942538
24.3000000000 -1.17991627855672964742
24.4000000000 -1.17991627855672986946
24.5000000000 -1.17991627855672986946
24.6000000000 -1.17991627855672875924
24.7000000000 -1.17991627855673031355
24.8000000000 -1.17991627855673031355
24.9000000000 -1.17991627855672920333
25.0000000000 -1.17991627855673053560
25.1000000000 -1.17991627855672942538
25.2000000000 -1.17991627855672964742
25.3000000000 -1.17991627855672986946
25.4000000000 -1.17991627855672986946
25.5000000000 -1.17991627855673009151
25.6000000000 -1.17991627855672875924
25.7000000000 -1.17991627855673053560
25.8000000000 -1.17991627855672964742
25.9000000000 -1.17991627855672986946
26.0000000000 -1.17991627855672920333
26.1000000000 -1.17991627855673009151
26.2000000000 -1.17991627855672942538
26.3000000000 -1.17991627855672986946
26.4000000000 -1.17991627855673031355
26.5000000000 -1.17991627855672964742
26.6000000000 -1.17991627855672920333
26.7000000000 -1.17991627855672942538
26.8000000000 -1.17991627855673075764
26.9000000000 -1.17991627855672853720
27.0000000000 -1.17991627855673053560
27.1000000000 -1.17991627855672964742
27.2000000000 -1.17991627855672898129
27.3000000000 -1.17991627855672986946
27.4000000000 -1.17991627855672964742
27.5000000000 -1.17991627855672964742
27.6000000000 -1.17991627855672920333
27.7000000000 -1.17991627855673031355
27.8000000000 -1.17991627855673031355
27.9000000000 -1.17991627855672898129
28.0000000000 -1.17991627855672964742
28.1000000000 -1.17991627855673009151
28.2000000000 -1.17991627855672898129
28.3000000000 -1.17991627855673053560
28.4000000000 -1.17991627855672964742
28.5000000000 -1.17991627855673031355
28.6000000000 -1.17991627855672875924
28.7000000000 -1.17991627855673075764
28.8000000000 -1.17991627855672986946
28.9000000000 -1.17991627855672964742
29.0000000000 -1.17991627855672964742
29.1000000000 -1.17991627855673009151
29.2000000000 -1.17991627855672942538
29.3000000000 -1.17991627855673053560
29.4000000000 -1.17991627855672942538
29.5000000000 -1.17991627855673053560
29.6000000000 -1.17991627855672875924
29.7000000000 -1.17991627855673009151
29.8000000000 -1.17991627855673053560
29.9000000000 -1.17991627855672942538
30.0000000000 -1.17991627855672964742
30.1000000000 -1.17991627855672964742
30.2000000000 -1.17991627855673009151
30.3000000000 -1.17991627855672942538
30.4000000000 -1.17991627855673075764
30.5000000000 -1.17991627855672875924
30.6000000000 -1.17991627855672964742
30.7000000000 -1.17991627855672986946
30.8000000000 -1.17991627855673053560
30.9000000000 -1.17991627855672875924
31.0000000000 -1.17991627855673053560
31.1000000000 -1.17991627855672942538
31.2000000000 -1.17991627855672986946
31.3000000000 -1.17991627855672986946
31.4000000000 -1.17991627855672942538
31.5000000000 -1.17991627855673097969
31.6000000000 -1.17991627855672853720
31.7000000000 -1.17991627855673053560
31.8000000000 -1.17991627855672898129
31.9000000000 -1.17991627855673075764
32.0000000000 -1.17991627855672853720
32.1000000000 -1.17991627855673075764
32.2000000000 -1.17991627855672920333
32.3000000000 -1.17991627855673031355
32.4000000000 -1.17991627855672986946
32.5000000000 -1.17991627855672964742
32.6000000000 -1.17991627855672898129
32.7000000000 -1.17991627855673053560
32.8000000000 -1.17991627855672964742
32.9000000000 -1.17991627855672964742
33.0000000000 -1.17991627855673053560
33.1000000000 -1.17991627855672942538
33.2000000000 -1.17991627855672920333
33.3000000000 -1.17991627855673053560
33.4000000000 -1.17991627855672942538
33.5000000000 -1.17991627855673053560
33.6000000000 -1.17991627855672875924
33.7000000000 -1.17991627855673053560
33.8000000000 -1.17991627855672964742
33.9000000000 -1.17991627855673009151
34.0000000000 -1.17991627855672898129
34.1000000000 -1.17991627855673053560
34.2000000000 -1.17991627855672920333
34.3000000000 -1.17991627855672964742
34.4000000000 -1.17991627855673031355
34.5000000000 -1.17991627855672898129
34.6000000000 -1.17991627855672986946
34.7000000000 -1.17991627855672920333
34.8000000000 -1.17991627855673075764
34.9000000000 -1.17991627855672809311
35.0000000000 -1.17991627855673120173
35.1000000000 -1.17991627855672920333
35.2000000000 -1.17991627855672920333
35.3000000000 -1.17991627855673031355
35.4000000000 -1.17991627855672964742
35.5000000000 -1.17991627855672964742
35.6000000000 -1.17991627855672964742
35.7000000000 -1.17991627855672964742
35.8000000000 -1.17991627855673053560
35.9000000000 -1.17991627855672898129
36.0000000000 -1.17991627855672964742
36.1000000000 -1.17991627855673031355
36.2000000000 -1.17991627855672898129
36.3000000000 -1.17991627855672986946
36.4000000000 -1.17991627855672986946
36.5000000000 -1.17991627855672942538
36.6000000000 -1.17991627855672920333
36.7000000000 -1.17991627855672986946
36.8000000000 -1.17991627855673053560
36.9000000000 -1.17991627855672875924
37.0000000000 -1.17991627855672986946
37.1000000000 -1.17991627855673009151
37.2000000000 -1.17991627855672898129
37.3000000000 -1.17991627855672964742
37.4000000000 -1.17991627855672964742
37.5000000000 -1.17991627855673075764
37.6000000000 -1.17991627855672787106
37.7000000000 -1.17991627855673142378
37.8000000000 -1.17991627855672942538
37.9000000000 -1.17991627855672942538
38.0000000000 -1.17991627855672986946
38.1000000000 -1.17991627855672986946
38.2000000000 -1.17991627855672964742
38.3000000000 -1.17991627855673009151
38.4000000000 -1.17991627855673031355
38.5000000000 -1.17991627855672942538
38.6000000000 -1.17991627855672964742
38.7000000000 -1.17991627855673031355
38.8000000000 -1.17991627855672986946
38.9000000000 -1.17991627855672942538
39.0000000000 -1.17991627855673053560
39.1000000000 -1.17991627855672920333
39.2000000000 -1.17991627855672964742
39.3000000000 -1.17991627855672986946
39.4000000000 -1.17991627855672964742
39.5000000000 -1.17991627855673097969
39.6000000000 -1.17991627855672809311
39.7000000000 -1.17991627855673097969
39.8000000000 -1.17991627855672898129
39.9000000000 -1.17991627855673031355
40.0000000000 -1.17991627855672920333
40.1000000000 -1.17991627855673009151
40.2000000000 -1.17991627855672964742
40.3000000000 -1.17991627855672986946
40.4000000000 -1.17991627855672964742
40.5000000000 -1.17991627855673053560
40.6000000000 -1.17991627855672853720
40.7000000000 -1.17991627855673075764
40.8000000000 -1.17991627855672920333
40.9000000000 -1.17991627855672964742
41.0000000000 -1.17991627855673009151
41.1000000000 -1.17991627855672942538
41.2000000000 -1.17991627855672964742
41.3000000000 -1.17991627855673075764
41.4000000000 -1.17991627855672898129
41.5000000000 -1.17991627855673053560
41.6000000000 -1.17991627855672875924
41.7000000000 -1.17991627855673097969
41.8000000000 -1.17991627855672964742
41.9000000000 -1.17991627855673053560
42.0000000000 -1.17991627855672875924
42.1000000000 -1.17991627855673075764
42.2000000000 -1.17991627855672875924
42.3000000000 -1.17991627855673053560
42.4000000000 -1.17991627855672964742
42.5000000000 -1.17991627855672964742
42.6000000000 -1.17991627855672920333
42.7000000000 -1.17991627855672942538
42.8000000000 -1.17991627855673053560
42.9000000000 -1.17991627855672920333
43.0000000000 -1.17991627855672986946
43.1000000000 -1.17991627855672942538
43.2000000000 -1.17991627855672942538
43.3000000000 -1.17991627855673053560
43.4000000000 -1.17991627855672942538
43.5000000000 -1.17991627855673009151
43.6000000000 -1.17991627855672875924
43.7000000000 -1.17991627855672964742
43.8000000000 -1.17991627855673009151
43.9000000000 -1.17991627855672964742
44.0000000000 -1.17991627855672964742
44.1000000000 -1.17991627855672986946
44.2000000000 -1.17991627855672964742
44.3000000000 -1.17991627855672964742
44.4000000000 -1.17991627855672986946
44.5000000000 -1.17991627855672986946
44.6000000000 -1.17991627855672831515
44.7000000000 -1.17991627855673031355
44.8000000000 -1.17991627855673031355
44.9000000000 -1.17991627855672964742
45.0000000000 -1.17991627855672964742
45.1000000000 -1.17991627855672986946
45.2000000000 -1.17991627855672942538
45.3000000000 -1.17991627855673031355
45.4000000000 -1.17991627855672942538
45.5000000000 -1.17991627855672986946
45.6000000000 -1.17991627855672942538
45.7000000000 -1.17991627855673031355
45.8000000000 -1.17991627855672986946
45.9000000000 -1.17991627855672964742
46.0000000000 -1.17991627855673009151
46.1000000000 -1.17991627855672942538
46.2000000000 -1.17991627855673009151
46.3000000000 -1.17991627855672942538
46.4000000000 -1.17991627855673053560
46.5000000000 -1.17991627855672942538
46.6000000000 -1.17991627855672942538
46.7000000000 -1.17991627855672964742
46.8000000000 -1.17991627855673075764
46.9000000000 -1.17991627855672853720
47.0000000000 -1.17991627855673053560
47.1000000000 -1.17991627855672920333
47.2000000000 -1.17991627855672942538
47.3000000000 -1.17991627855673009151
47.4000000000 -1.17991627855672964742
47.5000000000 -1.17991627855673031355
47.6000000000 -1.17991627855672853720
47.7000000000 -1.17991627855673053560
47.8000000000 -1.17991627855672898129
47.9000000000 -1.17991627855672986946
48.0000000000 -1.17991627855672920333
48.1000000000 -1.17991627855672986946
48.2000000000 -1.17991627855672942538
48.3000000000 -1.17991627855673009151
48.4000000000 -1.17991627855672942538
48.5000000000 -1.17991627855673009151
48.6000000000 -1.17991627855672898129
48.7000000000 -1.17991627855673053560
48.8000000000 -1.17991627855672942538
48.9000000000 -1.17991627855672964742
49.0000000000 -1.17991627855673009151
49.1000000000 -1.17991627855672986946
49.2000000000 -1.17991627855672875924
49.3000000000 -1.17991627855673053560
49.4000000000 -1.17991627855672920333
49.5000000000 -1.17991627855673053560
49.6000000000 -1.17991627855672875924
49.7000000000 -1.17991627855673009151
49.8000000000 -1.17991627855673009151
49.9000000000 -1.17991627855672964742
50.0000000000 -1.17991627855672875924
50.1000000000 -1.17991627855673031355
50.2000000000 -1.17991627855672942538
50.3000000000 -1.17991627855672964742
50.4000000000 -1.17991627855673053560
50.5000000000 -1.17991627855672853720
50.6000000000 -1.17991627855673009151
50.7000000000 -1.17991627855672898129
50.8000000000 -1.17991627855673075764
50.9000000000 -1.17991627855672875924
51.0000000000 -1.17991627855673053560
51.1000000000 -1.17991627855672898129
51.2000000000 -1.17991627855672964742
51.3000000000 -1.17991627855672964742
51.4000000000 -1.17991627855672986946
51.5000000000 -1.17991627855672964742
51.6000000000 -1.17991627855672920333
51.7000000000 -1.17991627855672964742
51.8000000000 -1.17991627855672964742
51.9000000000 -1.17991627855672964742
52.0000000000 -1.17991627855672964742
52.1000000000 -1.17991627855673053560
52.2000000000 -1.17991627855672875924
52.3000000000 -1.17991627855673053560
52.4000000000 -1.17991627855672964742
52.5000000000 -1.17991627855673009151
52.6000000000 -1.17991627855672898129
52.7000000000 -1.17991627855672986946
52.8000000000 -1.17991627855673053560
52.9000000000 -1.17991627855672875924
53.0000000000 -1.17991627855673009151
53.1000000000 -1.17991627855673031355
53.2000000000 -1.17991627855672875924
53.3000000000 -1.17991627855673053560
53.4000000000 -1.17991627855672875924
53.5000000000 -1.17991627855673031355
53.6000000000 -1.17991627855672875924
53.7000000000 -1.17991627855673053560
53.8000000000 -1.17991627855672898129
53.9000000000 -1.17991627855673009151
54.0000000000 -1.17991627855672898129
54.1000000000 -1.17991627855673009151
54.2000000000 -1.17991627855672964742
54.3000000000 -1.17991627855673009151
54.4000000000 -1.17991627855672986946
54.5000000000 -1.17991627855672942538
54.6000000000 -1.17991627855672920333
54.7000000000 -1.17991627855673009151
54.8000000000 -1.17991627855673009151
54.9000000000 -1.17991627855672920333
55.0000000000 -1.17991627855673009151
55.1000000000 -1.17991627855672920333
55.2000000000 -1.17991627855672942538
55.3000000000 -1.17991627855673031355
55.4000000000 -1.17991627855672875924
55.5000000000 -1.17991627855673142378
55.6000000000 -1.17991627855672831515
55.7000000000 -1.17991627855673053560
55.8000000000 -1.17991627855672920333
55.9000000000 -1.17991627855673031355
56.0000000000 -1.17991627855672875924
56.1000000000 -1.17991627855673075764
56.2000000000 -1.17991627855672920333
56.3000000000 -1.17991627855672964742
56.4000000000 -1.17991627855673053560
56.5000000000 -1.17991627855672964742
56.6000000000 -1.17991627855672853720
56.7000000000 -1.17991627855673120173
56.8000000000 -1.17991627855672964742
56.9000000000 -1.17991627855672964742
57.0000000000 -1.17991627855673009151
57.1000000000 -1.17991627855672964742
57.2000000000 -1.17991627855672942538
57.3000000000 -1.17991627855673031355
57.4000000000 -1.17991627855672964742
57.5000000000 -1.17991627855673009151
57.6000000000 -1.17991627855672853720
57.7000000000 -1.17991627855673053560
57.8000000000 -1.17991627855672964742
57.9000000000 -1.17991627855672964742
58.0000000000 -1.17991627855673009151
58.1000000000 -1.17991627855672964742
58.2000000000 -1.17991627855672920333
58.3000000000 -1.17991627855673053560
58.4000000000 -1.17991627855672964742
58.5000000000 -1.17991627855673053560
58.6000000000 -1.17991627855672875924
58.7000000000 -1.17991627855672964742
58.8000000000 -1.17991627855673053560
58.9000000000 -1.17991627855672920333
59.0000000000 -1.17991627855672964742
59.1000000000 -1.17991627855673009151
59.2000000000 -1.17991627855672920333
59.3000000000 -1.17991627855673009151
59.4000000000 -1.17991627855672920333
59.5000000000 -1.17991627855673053560
59.6000000000 -1.17991627855672853720
59.7000000000 -1.17991627855673053560
59.8000000000 -1.17991627855673031355
59.9000000000 -1.17991627855672875924
60.0000000000 -1.17991627855672986946
60.1000000000 -1.17991627855672964742
60.2000000000 -1.17991627855672942538
60.3000000000 -1.17991627855673031355
60.4000000000 -1.17991627855672964742
60.5000000000 -1.17991627855673009151
60.6000000000 -1.17991627855672853720
60.7000000000 -1.17991627855673009151
60.8000000000 -1.17991627855673031355
60.9000000000 -1.17991627855672942538
61.0000000000 -1.17991627855672964742
61.1000000000 -1.17991627855673009151
61.2000000000 -1.17991627855672875924
61.3000000000 -1.17991627855673053560
61.4000000000 -1.17991627855672942538
61.5000000000 -1.17991627855673009151
61.6000000000 -1.17991627855672898129
61.7000000000 -1.17991627855673031355
61.8000000000 -1.17991627855673031355
61.9000000000 -1.17991627855672964742
62.0000000000 -1.17991627855672898129
62.1000000000 -1.17991627855673053560
62.2000000000 -1.17991627855673053560
62.3000000000 -1.17991627855672875924
62.4000000000 -1.17991627855673120173
62.5000000000 -1.17991627855672898129
62.6000000000 -1.17991627855672920333
62.7000000000 -1.17991627855673053560
62.8000000000 -1.17991627855673053560
62.9000000000 -1.17991627855672853720
63.0000000000 -1.17991627855673053560
63.1000000000 -1.17991627855672986946
63.2000000000 -1.17991627855672964742
63.3000000000 -1.17991627855672964742
63.4000000000 -1.17991627855672942538
63.5000000000 -1.17991627855673097969
63.6000000000 -1.17991627855672853720
63.7000000000 -1.17991627855673053560
63.8000000000 -1.17991627855672898129
63.9000000000 -1.17991627855673031355
64.0000000000 -1.17991627855672898129
64.1000000000 -1.17991627855673075764
64.2000000000 -1.17991627855672898129
64.3000000000 -1.17991627855672986946
64.4000000000 -1.17991627855673031355
64.5000000000 -1.17991627855672964742
64.6000000000 -1.17991627855672920333
64.7000000000 -1.17991627855673053560
64.8000000000 -1.17991627855672964742
64.9000000000 -1.17991627855672942538
65.0000000000 -1.17991627855673053560
65.1000000000 -1.17991627855672964742
65.2000000000 -1.17991627855672920333
65.3000000000 -1.17991627855673053560
65.4000000000 -1.17991627855672875924
65.5000000000 -1.17991627855673053560
65.6000000000 -1.17991627855672875924
65.7000000000 -1.17991627855673075764
65.8000000000 -1.17991627855672920333
65.9000000000 -1.17991627855673009151
66.0000000000 -1.17991627855672898129
66.1000000000 -1.17991627855673053560
66.2000000000 -1.17991627855672920333
66.3000000000 -1.17991627855672964742
66.4000000000 -1.17991627855673009151
66.5000000000 -1.17991627855672898129
66.6000000000 -1.17991627855672964742
66.7000000000 -1.17991627855672964742
66.8000000000 -1.17991627855673075764
66.9000000000 -1.17991627855672875924
67.0000000000 -1.17991627855673053560
67.1000000000 -1.17991627855672942538
67.2000000000 -1.17991627855672942538
67.3000000000 -1.17991627855673009151
67.4000000000 -1.17991627855672964742
67.5000000000 -1.17991627855672964742
67.6000000000 -1.17991627855672986946
67.7000000000 -1.17991627855672942538
67.8000000000 -1.17991627855673009151
67.9000000000 -1.17991627855672898129
68.0000000000 -1.17991627855672964742
68.1000000000 -1.17991627855673031355
68.2000000000 -1.17991627855672920333
68.3000000000 -1.17991627855672964742
68.4000000000 -1.17991627855673009151
68.5000000000 -1.17991627855672986946
68.6000000000 -1.17991627855672853720
68.7000000000 -1.17991627855672986946
68.8000000000 -1.17991627855673031355
68.9000000000 -1.17991627855672875924
69.0000000000 -1.17991627855673009151
69.1000000000 -1.17991627855673009151
69.2000000000 -1.17991627855672853720
69.3000000000 -1.17991627855673031355
69.4000000000 -1.17991627855672875924
69.5000000000 -1.17991627855673097969
69.6000000000 -1.17991627855672787106
69.7000000000 -1.17991627855673142378
69.8000000000 -1.17991627855672942538
69.9000000000 -1.17991627855672964742
70.0000000000 -1.17991627855672942538
70.1000000000 -1.17991627855672986946
70.2000000000 -1.17991627855672964742
70.3000000000 -1.17991627855672986946
70.4000000000 -1.17991627855673031355
70.5000000000 -1.17991627855672898129
70.6000000000 -1.17991627855672986946
70.7000000000 -1.17991627855673009151
70.8000000000 -1.17991627855672964742
70.9000000000 -1.17991627855672964742
71.0000000000 -1.17991627855673053560
71.1000000000 -1.17991627855672942538
71.2000000000 -1.17991627855672964742
71.3000000000 -1.17991627855672986946
71.4000000000 -1.17991627855672964742
71.5000000000 -1.17991627855673053560
71.6000000000 -1.17991627855672853720
71.7000000000 -1.17991627855673075764
71.8000000000 -1.17991627855672898129
71.9000000000 -1.17991627855673053560
72.0000000000 -1.17991627855672875924
72.1000000000 -1.17991627855673097969
72.2000000000 -1.17991627855672898129
72.3000000000 -1.17991627855673031355
72.4000000000 -1.17991627855672964742
72.5000000000 -1.17991627855673053560
72.6000000000 -1.17991627855672853720
72.7000000000 -1.17991627855673053560
72.8000000000 -1.17991627855672964742
72.9000000000 -1.17991627855672964742
73.0000000000 -1.17991627855673053560
73.1000000000 -1.17991627855672964742
73.2000000000 -1.17991627855672898129
73.3000000000 -1.17991627855673120173
73.4000000000 -1.17991627855672942538
73.5000000000 -1.17991627855673031355
73.6000000000 -1.17991627855672875924
73.7000000000 -1.17991627855673120173
73.8000000000 -1.17991627855672875924
73.9000000000 -1.17991627855673053560
74.0000000000 -1.17991627855672920333
74.1000000000 -1.17991627855673009151
74.2000000000 -1.17991627855672964742
74.3000000000 -1.17991627855673009151
74.4000000000 -1.17991627855673009151
74.5000000000 -1.17991627855673009151
74.6000000000 -1.17991627855672898129
74.7000000000 -1.17991627855672964742
74.8000000000 -1.17991627855673053560
74.9000000000 -1.17991627855672920333
75.0000000000 -1.17991627855673053560
75.1000000000 -1.17991627855672920333
75.2000000000 -1.17991627855672964742
75.3000000000 -1.17991627855673031355
75.4000000000 -1.17991627855672920333
75.5000000000 -1.17991627855673053560
75.6000000000 -1.17991627855672875924
75.7000000000 -1.17991627855673031355
75.8000000000 -1.17991627855672964742
75.9000000000 -1.17991627855673009151
76.0000000000 -1.17991627855672942538
76.1000000000 -1.17991627855673053560
76.2000000000 -1.17991627855672853720
76.3000000000 -1.17991627855673097969
76.4000000000 -1.17991627855672920333
76.5000000000 -1.17991627855673053560
76.6000000000 -1.17991627855672831515
76.7000000000 -1.17991627855673009151
76.8000000000 -1.17991627855673031355
76.9000000000 -1.17991627855672920333
77.0000000000 -1.17991627855672986946
77.1000000000 -1.17991627855672964742
77.2000000000 -1.17991627855672964742
77.3000000000 -1.17991627855673053560
77.4000000000 -1.17991627855672942538
77.5000000000 -1.17991627855672986946
77.6000000000 -1.17991627855672964742
77.7000000000 -1.17991627855673031355
77.8000000000 -1.17991627855672964742
77.9000000000 -1.17991627855672942538
78.0000000000 -1.17991627855672986946
78.1000000000 -1.17991627855673009151
78.2000000000 -1.17991627855673009151
78.3000000000 -1.17991627855672920333
78.4000000000 -1.17991627855673075764
78.5000000000 -1.17991627855672964742
78.6000000000 -1.17991627855672898129
78.7000000000 -1.17991627855672986946
78.8000000000 -1.17991627855673097969
78.9000000000 -1.17991627855672875924
79.0000000000 -1.17991627855673053560
79.1000000000 -1.17991627855672920333
79.2000000000 -1.17991627855672942538
79.3000000000 -1.17991627855672986946
79.4000000000 -1.17991627855672875924
79.5000000000 -1.17991627855673120173
79.6000000000 -1.17991627855672831515
79.7000000000 -1.17991627855673053560
79.8000000000 -1.17991627855672986946
79.9000000000 -1.17991627855672898129
80.0000000000 -1.17991627855672964742
80.1000000000 -1.17991627855673009151
80.2000000000 -1.17991627855672964742
80.3000000000 -1.17991627855672964742
80.4000000000 -1.17991627855673009151
80.5000000000 -1.17991627855672986946
80.6000000000 -1.17991627855672898129
80.7000000000 -1.17991627855673031355
80.8000000000 -1.17991627855672942538
80.9000000000 -1.17991627855672964742
81.0000000000 -1.17991627855673053560
81.1000000000 -1.17991627855672964742
81.2000000000 -1.17991627855672898129
81.3000000000 -1.17991627855673009151
81.4000000000 -1.17991627855672964742
81.5000000000 -1.17991627855673053560
81.6000000000 -1.17991627855672853720
81.7000000000 -1.17991627855673075764
81.8000000000 -1.17991627855672964742
81.9000000000 -1.17991627855672964742
82.0000000000 -1.17991627855672898129
82.1000000000 -1.17991627855673075764
82.2000000000 -1.17991627855672920333
82.3000000000 -1.17991627855672964742
82.4000000000 -1.17991627855673053560
82.5000000000 -1.17991627855672920333
82.6000000000 -1.17991627855672942538
82.7000000000 -1.17991627855672964742
82.8000000000 -1.17991627855673053560
82.9000000000 -1.17991627855672875924
83.0000000000 -1.17991627855673120173
83.1000000000 -1.17991627855672831515
83.2000000000 -1.17991627855672986946
83.3000000000 -1.17991627855672986946
83.4000000000 -1.17991627855672986946
83.5000000000 -1.17991627855672964742
83.6000000000 -1.17991627855672920333
83.7000000000 -1.17991627855673009151
83.8000000000 -1.17991627855672986946
83.9000000000 -1.17991627855672898129
84.0000000000 -1.17991627855672986946
84.1000000000 -1.17991627855672964742
84.2000000000 -1.17991627855672942538
84.3000000000 -1.17991627855673009151
84.4000000000 -1.17991627855672986946
84.5000000000 -1.17991627855672964742
84.6000000000 -1.17991627855672898129
84.7000000000 -1.17991627855672964742
84.8000000000 -1.17991627855673031355
84.9000000000 -1.17991627855672875924
85.0000000000 -1.17991627855673053560
85.1000000000 -1.17991627855672964742
85.2000000000 -1.17991627855672942538
85.3000000000 -1.17991627855673053560
85.4000000000 -1.17991627855672964742
85.5000000000 -1.17991627855673009151
85.6000000000 -1.17991627855672853720
85.7000000000 -1.17991627855673142378
85.8000000000 -1.17991627855672920333
85.9000000000 -1.17991627855672964742
86.0000000000 -1.17991627855672964742
86.1000000000 -1.17991627855672964742
86.2000000000 -1.17991627855672964742
86.3000000000 -1.17991627855672964742
86.4000000000 -1.17991627855672986946
86.5000000000 -1.17991627855672920333
86.6000000000 -1.17991627855672964742
86.7000000000 -1.17991627855673009151
86.8000000000 -1.17991627855673009151
86.9000000000 -1.17991627855672920333
87.0000000000 -1.17991627855673053560
87.1000000000 -1.17991627855672920333
87.2000000000 -1.17991627855672964742
87.3000000000 -1.17991627855672942538
87.4000000000 -1.17991627855672920333
87.5000000000 -1.17991627855673075764
87.6000000000 -1.17991627855672875924
87.7000000000 -1.17991627855672986946
87.8000000000 -1.17991627855672920333
87.9000000000 -1.17991627855673053560
88.0000000000 -1.17991627855672831515
88.1000000000 -1.17991627855673075764
88.2000000000 -1.17991627855672942538
88.3000000000 -1.17991627855672942538
88.4000000000 -1.17991627855673031355
88.5000000000 -1.17991627855672986946
88.6000000000 -1.17991627855672875924
88.7000000000 -1.17991627855672986946
88.8000000000 -1.17991627855673031355
88.9000000000 -1.17991627855672942538
89.0000000000 -1.17991627855673053560
89.1000000000 -1.17991627855672964742
89.2000000000 -1.17991627855672942538
89.3000000000 -1.17991627855673009151
89.4000000000 -1.17991627855672986946
89.5000000000 -1.17991627855673053560
89.6000000000 -1.17991627855672853720
89.7000000000 -1.17991627855673075764
89.8000000000 -1.17991627855672964742
89.9000000000 -1.17991627855672986946
90.0000000000 -1.17991627855672964742
90.1000000000 -1.17991627855672964742
90.2000000000 -1.17991627855672920333
90.3000000000 -1.17991627855673031355
90.4000000000 -1.17991627855673009151
90.5000000000 -1.17991627855672964742
90.6000000000 -1.17991627855672964742
90.7000000000 -1.17991627855672964742
90.8000000000 -1.17991627855673053560
90.9000000000 -1.17991627855672875924
91.0000000000 -1.17991627855673009151
91.1000000000 -1.17991627855672986946
91.2000000000 -1.17991627855672875924
91.3000000000 -1.17991627855673009151
91.4000000000 -1.17991627855672964742
91.5000000000 -1.17991627855672964742
91.6000000000 -1.17991627855672942538
91.7000000000 -1.17991627855673009151
91.8000000000 -1.17991627855673031355
91.9000000000 -1.17991627855672875924
92.0000000000 -1.17991627855672986946
92.1000000000 -1.17991627855673009151
92.2000000000 -1.17991627855672898129
92.3000000000 -1.17991627855673053560
92.4000000000 -1.17991627855672942538
92.5000000000 -1.17991627855673053560
92.6000000000 -1.17991627855672831515
92.7000000000 -1.17991627855673097969
92.8000000000 -1.17991627855672964742
92.9000000000 -1.17991627855672964742
93.0000000000 -1.17991627855672964742
93.1000000000 -1.17991627855673053560
93.2000000000 -1.17991627855672964742
93.3000000000 -1.17991627855673053560
93.4000000000 -1.17991627855672920333
93.5000000000 -1.17991627855673053560
93.6000000000 -1.17991627855672875924
93.7000000000 -1.17991627855673009151
93.8000000000 -1.17991627855673031355
93.9000000000 -1.17991627855672942538
94.0000000000 -1.17991627855672964742
94.1000000000 -1.17991627855672964742
94.2000000000 -1.17991627855673031355
94.3000000000 -1.17991627855672898129
94.4000000000 -1.17991627855673075764
94.5000000000 -1.17991627855672898129
94.6000000000 -1.17991627855673009151
94.7000000000 -1.17991627855672942538
94.8000000000 -1.17991627855673097969
94.9000000000 -1.17991627855672853720
95.0000000000 -1.17991627855673053560
95.1000000000 -1.17991627855672942538
95.2000000000 -1.17991627855672986946
95.3000000000 -1.17991627855672964742
95.4000000000 -1.17991627855672964742
95.5000000000 -1.17991627855673075764
95.6000000000 -1.17991627855672853720
95.7000000000 -1.17991627855673053560
95.8000000000 -1.17991627855672898129
95.9000000000 -1.17991627855673053560
96.0000000000 -1.17991627855672875924
96.1000000000 -1.17991627855673075764
96.2000000000 -1.17991627855672898129
96.3000000000 -1.17991627855672986946
96.4000000000 -1.17991627855672986946
96.5000000000 -1.17991627855673009151
96.6000000000 -1.17991627855672875924
96.7000000000 -1.17991627855673053560
96.8000000000 -1.17991627855672986946
96.9000000000 -1.17991627855672942538
97.0000000000 -1.17991627855673053560
97.1000000000 -1.17991627855672942538
97.2000000000 -1.17991627855672964742
97.3000000000 -1.17991627855672986946
97.4000000000 -1.17991627855672986946
97.5000000000 -1.17991627855673031355
97.6000000000 -1.17991627855672875924
97.7000000000 -1.17991627855673053560
97.8000000000 -1.17991627855672964742
97.9000000000 -1.17991627855672986946
98.0000000000 -1.17991627855672920333
98.1000000000 -1.17991627855673053560
98.2000000000 -1.17991627855672920333
98.3000000000 -1.17991627855672986946
98.4000000000 -1.17991627855672986946
98.5000000000 -1.17991627855672964742
98.6000000000 -1.17991627855672920333
98.7000000000 -1.17991627855672964742
98.8000000000 -1.17991627855673075764
98.9000000000 -1.17991627855672809311
99.0000000000 -1.17991627855673097969
99.1000000000 -1.17991627855672898129
99.2000000000 -1.17991627855672964742
99.3000000000 -1.17991627855672964742
99.4000000000 -1.17991627855673009151
99.5000000000 -1.17991627855672964742
99.6000000000 -1.17991627855672920333
99.7000000000 -1.17991627855672986946
99.8000000000 -1.17991627855673009151
99.9000000000 -1.17991627855672920333
100.0000000000 -1.17991627855672942538
100.1000000000 -1.17991627855673009151
100.2000000000 -1.17991627855672920333
100.3000000000 -1.17991627855672986946
100.4000000000 -1.17991627855673009151
100.5000000000 -1.17991627855672964742
100.6000000000 -1.17991627855672875924
100.7000000000 -1.17991627855673009151
100.8000000000 -1.17991627855673031355
100.9000000000 -1.17991627855672942538
101.0000000000 -1.17991627855672964742
101.1000000000 -1.17991627855673009151
101.2000000000 -1.17991627855672920333
101.3000000000 -1.17991627855672964742
101.4000000000 -1.17991627855672942538
101.5000000000 -1.17991627855673097969
101.6000000000 -1.17991627855672787106
101.7000000000 -1.17991627855673142378
101.8000000000 -1.17991627855672964742
101.9000000000 -1.17991627855672920333
102.0000000000 -1.17991627855672964742
102.1000000000 -1.17991627855672986946
102.2000000000 -1.17991627855672964742
102.3000000000 -1.17991627855672986946
102.4000000000 -1.17991627855673031355
102.5000000000 -1.17991627855672964742
102.6000000000 -1.17991627855672942538
102.7000000000 -1.17991627855672986946
102.8000000000 -1.17991627855673031355
102.9000000000 -1.17991627855672942538
103.0000000000 -1.17991627855673053560
103.1000000000 -1.17991627855672964742
103.2000000000 -1.17991627855672964742
103.3000000000 -1.17991627855672986946
103.4000000000 -1.17991627855672986946
103.5000000000 -1.17991627855673053560
103.6000000000 -1.17991627855672875924
103.7000000000 -1.17991627855673031355
103.8000000000 -1.17991627855672942538
103.9000000000 -1.17991627855673009151
104.0000000000 -1.17991627855672875924
104.1000000000 -1.17991627855673053560
104.2000000000 -1.17991627855672942538
104.3000000000 -1.17991627855672964742
104.4000000000 -1.17991627855672986946
104.5000000000 -1.17991627855673053560
104.6000000000 -1.17991627855672853720
104.7000000000 -1.17991627855673053560
104.8000000000 -1.17991627855672964742
104.9000000000 -1.17991627855672964742
105.0000000000 -1.17991627855673009151
105.1000000000 -1.17991627855672942538
105.2000000000 -1.17991627855672920333
105.3000000000 -1.17991627855673097969
105.4000000000 -1.17991627855672920333
105.5000000000 -1.17991627855673053560
105.6000000000 -1.17991627855672875924
105.7000000000 -1.17991627855673053560
105.8000000000 -1.17991627855672964742
105.9000000000 -1.17991627855672964742
106.0000000000 -1.17991627855672942538
106.1000000000 -1.17991627855673009151
106.2000000000 -1.17991627855672898129
106.3000000000 -1.17991627855673053560
106.4000000000 -1.17991627855673009151
106.5000000000 -1.17991627855672898129
106.6000000000 -1.17991627855672942538
106.7000000000 -1.17991627855672942538
106.8000000000 -1.17991627855673053560
106.9000000000 -1.17991627855672942538
107.0000000000 -1.17991627855673009151
107.1000000000 -1.17991627855672942538
107.2000000000 -1.17991627855672942538
107.3000000000 -1.17991627855673009151
107.4000000000 -1.17991627855672964742
107.5000000000 -1.17991627855672986946
107.6000000000 -1.17991627855672875924
107.7000000000 -1.17991627855672964742
107.8000000000 -1.17991627855673053560
107.9000000000 -1.17991627855672942538
108.0000000000 -1.17991627855672964742
108.1000000000 -1.17991627855672964742
108.2000000000 -1.17991627855672942538
108.3000000000 -1.17991627855673031355
108.4000000000 -1.17991627855672986946
108.5000000000 -1.17991627855672986946
108.6000000000 -1.17991627855672831515
108.7000000000 -1.17991627855673053560
108.8000000000 -1.17991627855673031355
108.9000000000 -1.17991627855672920333
109.0000000000 -1.17991627855672964742
109.1000000000 -1.17991627855673009151
109.2000000000 -1.17991627855672920333
109.3000000000 -1.17991627855673053560
109.4000000000 -1.17991627855672920333
109.5000000000 -1.17991627855673009151
109.6000000000 -1.17991627855672964742
109.7000000000 -1.17991627855672964742
109.8000000000 -1.17991627855672964742
109.9000000000 -1.17991627855672964742
110.0000000000 -1.17991627855672964742
110.1000000000 -1.17991627855672964742
110.2000000000 -1.17991627855673009151
110.3000000000 -1.17991627855672898129
110.4000000000 -1.17991627855673053560
110.5000000000 -1.17991627855672920333
110.6000000000 -1.17991627855672964742
110.7000000000 -1.17991627855672920333
110.8000000000 -1.17991627855673120173
110.9000000000 -1.17991627855672831515
111.0000000000 -1.17991627855673053560
111.1000000000 -1.17991627855672942538
111.2000000000 -1.17991627855672964742
111.3000000000 -1.17991627855672986946
111.4000000000 -1.17991627855672964742
111.5000000000 -1.17991627855673053560
111.6000000000 -1.17991627855672853720
111.7000000000 -1.17991627855673009151
111.8000000000 -1.17991627855672942538
111.9000000000 -1.17991627855673009151
112.0000000000 -1.17991627855672920333
112.1000000000 -1.17991627855672986946
112.2000000000 -1.17991627855672920333
112.3000000000 -1.17991627855673009151
112.4000000000 -1.17991627855672942538
112.5000000000 -1.17991627855672986946
112.6000000000 -1.17991627855672898129
112.7000000000 -1.17991627855673053560
112.8000000000 -1.17991627855672942538
112.9000000000 -1.17991627855672942538
113.0000000000 -1.17991627855673031355
113.1000000000 -1.17991627855672942538
113.2000000000 -1.17991627855672920333
113.3000000000 -1.17991627855673053560
113.4000000000 -1.17991627855672920333
113.5000000000 -1.17991627855673097969
113.6000000000 -1.17991627855672831515
113.7000000000 -1.17991627855673053560
113.8000000000 -1.17991627855672964742
113.9000000000 -1.17991627855672942538
114.0000000000 -1.17991627855672920333
114.1000000000 -1.17991627855673053560
114.2000000000 -1.17991627855672875924
114.3000000000 -1.17991627855673031355
114.4000000000 -1.17991627855673031355
114.5000000000 -1.17991627855672898129
114.6000000000 -1.17991627855672964742
114.7000000000 -1.17991627855672920333
114.8000000000 -1.17991627855673075764
114.9000000000 -1.17991627855672898129
115.0000000000 -1.17991627855673031355
115.1000000000 -1.17991627855672898129
115.2000000000 -1.17991627855672986946
115.3000000000 -1.17991627855672942538
115.4000000000 -1.17991627855673009151
115.5000000000 -1.17991627855672964742
115.6000000000 -1.17991627855672898129
115.7000000000 -1.17991627855673009151
115.8000000000 -1.17991627855672964742
115.9000000000 -1.17991627855672942538
116.0000000000 -1.17991627855672986946
116.1000000000 -1.17991627855673031355
116.2000000000 -1.17991627855672875924
116.3000000000 -1.17991627855673031355
116.4000000000 -1.17991627855673009151
116.5000000000 -1.17991627855672964742
116.6000000000 -1.17991627855672942538
116.7000000000 -1.17991627855672964742
116.8000000000 -1.17991627855673053560
116.9000000000 -1.17991627855672898129
117.0000000000 -1.17991627855673031355
117.1000000000 -1.17991627855673031355
117.2000000000 -1.17991627855672875924
117.3000000000 -1.17991627855673053560
117.4000000000 -1.17991627855672920333
117.5000000000 -1.17991627855673009151
117.6000000000 -1.17991627855672875924
117.7000000000 -1.17991627855673053560
117.8000000000 -1.17991627855672920333
117.9000000000 -1.17991627855672986946
118.0000000000 -1.17991627855673009151
118.1000000000 -1.17991627855672920333
118.2000000000 -1.17991627855673031355
118.3000000000 -1.17991627855672942538
118.4000000000 -1.17991627855673053560
118.5000000000 -1.17991627855672898129
118.6000000000 -1.17991627855672964742
118.7000000000 -1.17991627855672986946
118.8000000000 -1.17991627855673053560
118.9000000000 -1.17991627855672898129
119.0000000000 -1.17991627855673009151
119.1000000000 -1.17991627855672920333
119.2000000000 -1.17991627855672964742
119.3000000000 -1.17991627855673009151
119.4000000000 -1.17991627855672898129
119.5000000000 -1.17991627855673075764
119.6000000000 -1.17991627855672831515
119.7000000000 -1.17991627855673053560
119.8000000000 -1.17991627855672920333
119.9000000000 -1.17991627855673053560
120.0000000000 -1.17991627855672875924
120.1000000000 -1.17991627855673053560
120.2000000000 -1.17991627855672920333
120.3000000000 -1.17991627855672964742
120.4000000000 -1.17991627855673031355
120.5000000000 -1.17991627855672964742
120.6000000000 -1.17991627855672875924
120.7000000000 -1.17991627855673097969
120.8000000000 -1.17991627855672964742
120.9000000000 -1.17991627855672964742
121.0000000000 -1.17991627855672964742
121.1000000000 -1.17991627855672964742
121.2000000000 -1.17991627855672942538
121.3000000000 -1.17991627855673031355
121.4000000000 -1.17991627855672986946
121.5000000000 -1.17991627855673009151
121.6000000000 -1.17991627855672853720
121.7000000000 -1.17991627855673075764
121.8000000000 -1.17991627855672920333
121.9000000000 -1.17991627855673009151
122.0000000000 -1.17991627855672964742
122.1000000000 -1.17991627855672986946
122.2000000000 -1.17991627855672898129
122.3000000000 -1.17991627855673053560
122.4000000000 -1.17991627855672964742
122.5000000000 -1.17991627855673031355
122.6000000000 -1.17991627855672898129
122.7000000000 -1.17991627855672964742
122.8000000000 -1.17991627855673031355
122.9000000000 -1.17991627855672942538
123.0000000000 -1.17991627855672942538
123.1000000000 -1.17991627855673009151
123.2000000000 -1.17991627855672942538
123.3000000000 -1.17991627855672986946
123.4000000000 -1.17991627855672898129
123.5000000000 -1.17991627855673031355
123.6000000000 -1.17991627855672898129
123.7000000000 -1.17991627855673009151
123.8000000000 -1.17991627855673031355
123.9000000000 -1.17991627855672898129
124.0000000000 -1.17991627855672964742
124.1000000000 -1.17991627855672964742
124.2000000000 -1.17991627855672942538
124.3000000000 -1.17991627855672986946
124.4000000000 -1.17991627855673009151
124.5000000000 -1.17991627855673009151
124.6000000000 -1.17991627855672875924
124.7000000000 -1.17991627855672986946
124.8000000000 -1.17991627855673053560
124.9000000000 -1.17991627855672942538
125.0000000000 -1.17991627855672964742
125.1000000000 -1.17991627855673009151
125.2000000000 -1.17991627855672875924
125.3000000000 -1.17991627855673053560
125.4000000000 -1.17991627855672964742
125.5000000000 -1.17991627855673053560
125.6000000000 -1.17991627855672875924
125.7000000000 -1.17991627855673053560
125.8000000000 -1.17991627855673053560
125.9000000000 -1.17991627855672920333
126.0000000000 -1.17991627855672964742
126.1000000000 -1.17991627855672986946
126.2000000000 -1.17991627855673009151
126.3000000000 -1.17991627855672964742
126.4000000000 -1.17991627855673053560
126.5000000000 -1.17991627855672920333
126.6000000000 -1.17991627855672964742
126.7000000000 -1.17991627855673009151
126.8000000000 -1.17991627855673075764
126.9000000000 -1.17991627855672853720
127.0000000000 -1.17991627855673053560
127.1000000000 -1.17991627855672964742
127.2000000000 -1.17991627855672942538
127.3000000000 -1.17991627855673009151
127.4000000000 -1.17991627855672920333
127.5000000000 -1.17991627855673097969
127.6000000000 -1.17991627855672853720
127.7000000000 -1.17991627855673053560
127.8000000000 -1.17991627855672942538
127.9000000000 -1.17991627855673053560
